10,153
10,163
10,6
10,142
10,20
10,294
10,77
10,223
10,2
9,2
9,3
8,13
64,3
64,2
64,1
64,0
51,4
51,3
51,1
43,3
43,1
42,4
42,3
42,2
42,1
29,3
29,1
20,3
20,2
20,1
19,3
19,2
19,1
18,3
18,1
14,3
14,1
13,3
13,1
12,3
12,2
12,1
11,28
11,27
11,26
11,25
11,24
11,23
11,22
11,21
11,20
11,19
11,18
11,17
11,16
11,15
11,14
11,13
11,12
11,11
11,10
11,9
11,8
11,7
11,6
11,5
11,4
11,3
11,2
11,1
10,302
10,301
10,300
10,299
10,298
10,297
10,296
10,295
10,292
10,286
10,282
10,280
10,250
10,228
10,227
10,222
10,213
10,211
10,210
10,166
10,110
10,85
10,35
10,18
10,17
10,3
10,1
9,7
9,5
9,1
8,15
8,10
